object Form1: TForm1
  Left = 530
  Top = 262
  Caption = 'WKumEditor'
  ClientHeight = 400
  ClientWidth = 300
  Position = Designed
  FormFactor.Width = 320
  FormFactor.Height = 480
  FormFactor.Devices = [Desktop]
  OnShow = FormShow
  Left = 530
  Top = 262
  DesignerMasterStyle = 0
  object TabPanel: TPanel
    Align = Top
    Margins.Left = 1.000000000000000000
    Margins.Top = 1.000000000000000000
    Margins.Right = 1.000000000000000000
    Margins.Bottom = 1.000000000000000000
    Position.X = 1.000000000000000000
    Position.Y = 1.000000000000000000
    Size.Width = 298.000000000000000000
    Size.Height = 33.000000000000000000
    Size.PlatformDefault = False
    TabOrder = 0
    object TabName: TLabel
      Align = Client
      StyledSettings = [Family, Style, FontColor]
      Size.Width = 142.000000000000000000
      Size.Height = 33.000000000000000000
      Size.PlatformDefault = False
      TextSettings.Font.Size = 15.000000000000000000
      TextSettings.HorzAlign = Center
      Text = #1055#1088#1086#1077#1082#1090': '
      TabOrder = 0
    end
    object TabSave: TButton
      Align = Right
      Margins.Left = 4.000000000000000000
      Margins.Top = 4.000000000000000000
      Margins.Right = 4.000000000000000000
      Margins.Bottom = 4.000000000000000000
      Position.X = 218.000000000000000000
      Position.Y = 4.000000000000000000
      Size.Width = 76.000000000000000000
      Size.Height = 25.000000000000000000
      Size.PlatformDefault = False
      TabOrder = 1
      Text = #1057#1086#1093#1088#1072#1085#1080#1090#1100
      OnClick = TabSaveClick
    end
    object TabOpen: TButton
      Align = Right
      Margins.Left = 4.000000000000000000
      Margins.Top = 4.000000000000000000
      Margins.Right = 4.000000000000000000
      Margins.Bottom = 4.000000000000000000
      Position.X = 146.000000000000000000
      Position.Y = 4.000000000000000000
      Size.Width = 64.000000000000000000
      Size.Height = 25.000000000000000000
      Size.PlatformDefault = False
      TabOrder = 2
      Text = #1054#1090#1082#1088#1099#1090#1100
      OnClick = TabOpenClick
    end
  end
  object PrTree: TTreeView
    Align = Client
    Margins.Left = 1.000000000000000000
    Margins.Top = 1.000000000000000000
    Margins.Right = 1.000000000000000000
    Margins.Bottom = 1.000000000000000000
    Size.Width = 298.000000000000000000
    Size.Height = 363.000000000000000000
    Size.PlatformDefault = False
    TabOrder = 1
    Viewport.Width = 294.000000000000000000
    Viewport.Height = 359.000000000000000000
    object TreeMap: TTreeViewItem
      IsChecked = False
      IsExpanded = False
      IsSelected = False
      TabOrder = 0
      Text = #1050#1072#1088#1090#1072
      OnDblClick = TreeMapDblClick
    end
    object TreePlayers: TTreeViewItem
      IsChecked = False
      IsExpanded = False
      IsSelected = False
      TabOrder = 1
      Text = #1048#1075#1088#1086#1082#1080
    end
    object TreeTasks: TTreeViewItem
      IsChecked = False
      IsExpanded = False
      IsSelected = False
      TabOrder = 2
      Text = #1047#1072#1076#1072#1095#1080
      object TreeViewItem7: TTreeViewItem
        IsChecked = False
        IsExpanded = False
        IsSelected = False
        TabOrder = 0
        Text = 'NotWork'
      end
    end
  end
end
